33793764
34013038
33975283
33948010
34061343
33997759
33948256
34013458
33790626
33933542
33950419
33872704
34016503
33822105
33988146
33800639
34011096
33897554
33973654
33880952
34010884
34026458
33734101
33917467
33948249
33949208
32183535
33947549
34012673
33800509
33993089
33791500
34007006
34026526
34011102
33915593
32772968
33855141
33983226
33368467
34017371
33876764
33933573
34036129
33922379
33790657
33993072
33375212
34025444
33847702
33921105
33701028
33863467
33977331
33711157
33987880
33933191
33413587
33791241
33782119
33957524
33918259
33801018
33938752
33824864
33808703
34008850
33588094
33995595
33698298
33977737
34018514
34066409
33983301
33933474
33925707
33925714
32769609
33949598
33926148
33969329
34013496
33753324
33815749
33689753
33723280
33636986
34042649
32220537
33800493
33364858
33987750
34053508
33849645
34060742
34046203
34018491
34028490
33897127
33948546
34012772
33890371
33983318
33858395
33950624
34013939
33822112
32884418
33990729
34060728
33948331
34013243
34046791
34013052
33734088
33897578
33644288
34017548
33938745
34015735
34067499
33899534
33983165
33977652
32518146
33794372
33950792
33907376
33942476
33871721
33800455
34011300
33975290
33469980
33983110
33689807
33974316
33973500
33847740
33041001
33851785
33784144
33876740
34055250
33957968
33974323
33926711
34073421
34061626
33380667
33800615
33364872
34011775
33660417
33899664
34012796
33798844
33948416
33245003
33375250
33889009
33931869
33832272
33773858
33874999
34053478
33318707
33794389
34061367
33995465
34014011
33770789
33928371
33907369
33364865
33425269
33913162
34069394
33876801
33756011
33782041
34006948
33903606
33808727
33948980
33969619
33852478
33857923
33824888
33948232
33880822
34066492
34012864
34013557
33855059
33858333
33770628
33965826
34033937
34011133