33898889
33992457
33788579
34023587
33946269
33837352
33773452
33819099
33775371
33790497
33174570
33860138
33871561
33981734
33820354
33939476
33809786
33816326
33996622
33999944
34002605
33872308
34079362
33884288
34061343
33989099
33958095
34014226
33988542
33876344
33851938
33870168
33754345
33905228
34034019
33989549
33948256
33790626
34021941
33983837
34058084
33933542
33985749
33395289
34010518
33785400
33996196
33749440
32038859
33872704
34100691
34038802
33997391
33951607
33982632
31589901
34021491
33943398
33873053
34019825
33909660
34080184
34074855
33855417
33652283
33906898
33463964
33923871
33754369
33973654
33829081
33990880
34011560
33715162
33477190
33966472
33993102
33992761
33653310
32131659
33773476
33772110
33766584
33948249
33966342
33867854
33477183
33915227
32183535
31662192
34059333
33828428
33986005
33715988
33945828
33992297
33811192
33751429
33872346
33905853
33826967
34036181
33968155
33721415
33993089
33984674
33926285
33811239
34007006
33947143
33920955
34012437
33914442
33891514
33446967
33897998
33751122
34019832
33482545
33706665
33907345
33982212
33912370
33816333
33971407
34053171
34041321
33478784
33562049
33913254
34038307
33991337
31662208
33817521
33431222
34036129
32835991
33747729
33926520
33790657
33993072
33752624
33772721
34000403
33930497
33375212
33797786
34018033
33891484
33653617
33656564
34088708
34038819
33844312
33831275
33697543
33939926
34002643
33865409
33389219
33828107
33904306
33972992
33841991
34013878
33713687
33711157
33912417
33503240
34058954
34015339
33797359
33516349
33881195
33985756
34035276
33984551
33725796
33854502
33933191
33823812
33915432
33836805
33984872
33905938
33950549
33838489
33881171
33968322
33993423
32497298
